1979710
2046478
2059673
2247111
3448156
3674107
4021532
4178835
4204550
4247821
4524050
4607967
4785711
4791517
4849656
5318211
5449783
5480936
5535153
5600897
5644946
5832269
5888865
5908772
5922165
6149767
6248995
6256498
6340056
6447954
6602510
6619964
6777037
7079631
7102593
7117736
7118318
7313996
7378117
7639442
7641143
7650502
7708734
7747110
7870487
7931366
7944496
8070623
10024904
10070557
10908425
11009103
11115087
11380525
11496507
11516212
11688131
11789772
11826864
11899123
11950158
12101170
12172999
12242487
12261317
12310465
12444807
12448307
12469372
12541483
12566380
12602235
12665575
12691131
12735012
12800579
12878185
12892939
12906844
13021454
13075222
13095830
13126358
13141679
13147084
13162754
13258559
13261925
13406903
13412631
13447496
13454854
13654587
13671216
13694555
13722165
13859376
13864221
13889612
13990478
14120234
14219264
14222821
14283677
14545870
14818007
15106419
15201813
15208168
15246461
15258851
15263217
15274723
15279926
15306666
15398790
15453047
15478606
15553151
15562096
15594569
15682454
15683448
15884643
15910785
15976270
15992368
16122557
16172662
16237020
16256800
16330179
16496889
16514533
16557367
16575677
16590012
16635998
16741191
16793336
17010983
17015147
17077364
17230263
17329057
17380863
17435125
17443992
17481511
17507144
17507876
17596333
17612873
17691404
17782365
17814483
17853733
17873116
18054646
18078874
18082249
18107534
18112339
18128133
18134206
18135272
18152108
18166177
18168582
18168998
18179692
18194982
18196340
18201834
18205273
18207330
18223232
18224280
18238379
18240458
18258785
18265094
18269775
18271698
18286347
